{
name: "SPECTRUM",
index: "7Be_1",
valid_begin: [0,0],
valid_end:[0,0],
emin: 0.382630
emax: 0.391730
spec_e: [0.382630,0.382730,0.382830,0.382930,0.383030,0.383130,0.383230,0.383330,0.383430,0.383530,0.383630,0.383730,0.383830,0.383930,0.384030,0.384130,0.384230,0.384330,0.384430,0.384530,0.384630,0.384730,0.384830,0.384930,0.385030,0.385130,0.385230,0.385330,0.385430,0.385530,0.385630,0.385730,0.385830,0.385930,0.386030,0.386130,0.386230,0.386330,0.386430,0.386530,0.386630,0.386730,0.386830,0.386930,0.387030,0.387130,0.387230,0.387330,0.387430,0.387530,0.387630,0.387730,0.387830,0.387930,0.388030,0.388130,0.388230,0.388330,0.388430,0.388530,0.388630,0.388730,0.388830,0.388930,0.389030,0.389130,0.389230,0.389330,0.389430,0.389530,0.389630,0.389730,0.389830,0.389930,0.390030,0.390130,0.390230,0.390330,0.390430,0.390530,0.390630,0.390730,0.390830,0.390930,0.391030,0.391130,0.391230,0.391330,0.391430,0.391530,0.391630],
spec_mag: [0.000000,0.000000,9821149857.642694,39284599626.993790,117853801827.326401,314276795051.720276,805334332129.030762,1934766678210.110107,4340948465518.023926,9114027243101.740234,17923599027905.890625,32989243361499.117188,56834996913343.171875,91709897175619.453125,138625534399392.671875,196560499147675.906250,261890789960623.843750,328497830293367.812500,389202359384593.125000,437208141328924.187500,468095658557835.937500,480578340401380.187500,476473099637728.437500,459698575177638.937500,434929634493595.875000,406350087550469.125000,377033954345921.750000,348837432258733.875000,322585497901696.875000,298523680028617.812500,276494840237060.031250,256292734373825.843750,237711118285717.343750,220543747819536.843750,204653126873152.312500,189931222794888.781250,176250360632766.656250,163571255786176.781250,151785875603444.125000,140854935483959.593750,130699866226504.984375,121261740930166.593750,112501274994335.328125,104369362668249.812500,96816901147493.687500,89814416178344.968750,83302997555845.250000,77262991194309.781250,71645288396632.156250,66440078815925.226562,61617894091157.125000,57129628471566.445312,52975281957153.187500,49115570929423.265625,45530853088072.117188,42211303354487.406250,39127464170902.390625,36269506530244.679688,33617797953359.878906,31162509433175.558594,28884003579962.265625,26772455315107.648438,24808225284652.210938,22991312506480.925781,21302074680289.250000,19740510823962.160156,18296802733692.425781,16951305162830.449219,15713841225758.535156,14554944525674.810547,13484439159076.595703,12492502993696.597656,11579136029534.818359,10724695966286.701172,9939003954104.527344,9202417790895.236328,8524758332176.610352,7906026167217.651367,7316756765235.013672,6776593506859.767578,6285535901034.405273,5814120791936.601562,5391811335388.680664,4989144277356.817383,4625761721722.560547,4282021564604.360840,3967744661519.989258,3673110255163.174316,3407939201051.689941,3152589198880.981445,2916881595226.328613],
}