{
name: "SPECTRUM",
index: "7Be_1",
valid_begin: [0,0],
valid_end:[0,0],
emin: 0.382630
emax: 0.391730
spec_e: [0.382630,0.382730,0.382830,0.382930,0.383030,0.383130,0.383230,0.383330,0.383430,0.383530,0.383630,0.383730,0.383830,0.383930,0.384030,0.384130,0.384230,0.384330,0.384430,0.384530,0.384630,0.384730,0.384830,0.384930,0.385030,0.385130,0.385230,0.385330,0.385430,0.385530,0.385630,0.385730,0.385830,0.385930,0.386030,0.386130,0.386230,0.386330,0.386430,0.386530,0.386630,0.386730,0.386830,0.386930,0.387030,0.387130,0.387230,0.387330,0.387430,0.387530,0.387630,0.387730,0.387830,0.387930,0.388030,0.388130,0.388230,0.388330,0.388430,0.388530,0.388630,0.388730,0.388830,0.388930,0.389030,0.389130,0.389230,0.389330,0.389430,0.389530,0.389630,0.389730,0.389830,0.389930,0.390030,0.390130,0.390230,0.390330,0.390430,0.390530,0.390630,0.390730,0.390830,0.390930,0.391030,0.391130,0.391230,0.391330,0.391430,0.391530,0.391630],
spec_mag: [0.000000,0.000000,10587365123.017471,42360522914.381645,127114758552.707169,339061176564.951599,869071088618.168091,2088435167237.297363,4686949877811.725586,9843040053250.990234,19362318998734.753906,35646565939087.984375,61429127401818.710938,99148887342636.921875,149909092512673.156250,212615078964195.187500,283355134045227.062500,355513732365184.562500,421320242460730.625000,473410687190936.500000,506987623550673.437500,520642762131400.312500,516329450147326.437500,498281205919842.500000,471555873577685.562500,440684014204304.062500,408997028911222.750000,378508374753918.125000,350114376215550.125000,324083226918524.000000,300246140202938.250000,278380814581172.187500,258264716259177.250000,239675079136477.281250,222463635848059.812500,206514000044001.093750,191688300901592.531250,177944681227453.875000,165166431101994.250000,153311546757539.843750,142295210351799.031250,132053905988786.125000,122545447374348.453125,113716903212388.265625,105515290106809.125000,97908966933395.625000,90834162205191.015625,84269854277765.250000,78162865269518.812500,72502846374436.312500,67257980360339.460938,62374976409278.101562,57854116607628.718750,53652770480093.164062,49749724578881.867188,46134472977942.000000,42775036010716.273438,39660864737072.468750,36770676245450.835938,34093891171873.738281,31609185285902.906250,29305953095780.242188,27162832271817.722656,25179946189110.558594,23335901638113.363281,21630805399222.308594,20054004196657.574219,18584060109104.550781,17231828148212.769531,15965078373837.423828,14794655813236.072266,13709855870765.046875,12710744919689.398438,11775821893908.039062,10915923058605.533203,10109528096704.322266,9367470184158.746094,8689799748438.558594,8044172739754.345703,7452215861532.814453,6913970057242.557617,6397059601952.343750,5933926593858.451172,5492178606765.567383,5093460299315.861328,4716171261765.838867,4371147434792.870117,4047591703681.900391,3756345540132.757324,3475777896984.005371,3216728021504.630371],
}