{
name: "SPECTRUM",
index: "7Be_2",
valid_begin: [0,0],
valid_end:[0,0],
emin: 0.860490
emax: 0.868690
spec_e: [0.860490,0.860590,0.860690,0.860790,0.860890,0.860990,0.861090,0.861190,0.861290,0.861390,0.861490,0.861590,0.861690,0.861790,0.861890,0.861990,0.862090,0.862190,0.862290,0.862390,0.862490,0.862590,0.862690,0.862790,0.862890,0.862990,0.863090,0.863190,0.863290,0.863390,0.863490,0.863590,0.863690,0.863790,0.863890,0.863990,0.864090,0.864190,0.864290,0.864390,0.864490,0.864590,0.864690,0.864790,0.864890,0.864990,0.865090,0.865190,0.865290,0.865390,0.865490,0.865590,0.865690,0.865790,0.865890,0.865990,0.866090,0.866190,0.866290,0.866390,0.866490,0.866590,0.866690,0.866790,0.866890,0.866990,0.867090,0.867190,0.867290,0.867390,0.867490,0.867590,0.867690,0.867790,0.867890,0.867990,0.868090,0.868190,0.868290,0.868390,0.868490,0.868590],
spec_mag: [0.000000,0.000000,56569822048.625427,622268073648.283447,5289278626010.409180,32584219129219.207031,143263084329789.218750,448457286713342.375000,1002473866647384.625000,1624034817484703.750000,1975446569621352.750000,1935564843082985.250000,1697745299299587.250000,1474407630684730.500000,1321329684567252.750000,1211753933780277.750000,1120591660990804.125000,1038621984743862.125000,963384117657297.000000,893888087795759.000000,829596481822916.000000,770028456227312.125000,714788022234807.750000,663564045808578.625000,615988823086923.500000,571807789857895.375000,530766381909547.250000,492666604854809.125000,457253894481734.062500,424386826228129.312500,393839120794486.312500,365469353618612.250000,339107815225875.875000,314641365966522.937500,291900296365922.000000,270799746029775.062500,251198298881362.875000,233011100183369.843750,216125024428497.968750,200455165966589.218750,185916723801661.468750,172396541313013.062500,159866325102731.718750,148241223261993.000000,137436392367446.218750,127423527707214.062500,118146079255858.187500,109519183790589.125000,101542835654424.421875,94132188595522.140625,87258957701443.703125,80866561833347.046875,74955017962179.593750,69496027033046.585938,64404748451088.578125,59681165245358.093750,55325288729820.109375,51252261338667.703125,47490370812830.687500,44011323754396.765625,40786843736401.125000,37788643017913.937500,35016721598935.222656,32442794567026.410156,30066861922187.511719,27860638751979.960938,25824125339252.886719,23929036488718.597656,22147085307994.679688,20534846147544.230469,19035746071149.761719,17621500166372.718750,16320395042746.410156,15132428720326.957031,14001031657086.378906,12982774809298.277344,12021088352085.541016,11144256066490.234375,10323993322922.917969,9560300121383.593750,8853177876117.884766,8202624607181.916992],
}