{
name: "SPECTRUM",
index: "7Be_2",
valid_begin: [0,0],
valid_end:[0,0],
emin: 0.860490
emax: 0.868690
spec_e: [0.860490,0.860590,0.860690,0.860790,0.860890,0.860990,0.861090,0.861190,0.861290,0.861390,0.861490,0.861590,0.861690,0.861790,0.861890,0.861990,0.862090,0.862190,0.862290,0.862390,0.862490,0.862590,0.862690,0.862790,0.862890,0.862990,0.863090,0.863190,0.863290,0.863390,0.863490,0.863590,0.863690,0.863790,0.863890,0.863990,0.864090,0.864190,0.864290,0.864390,0.864490,0.864590,0.864690,0.864790,0.864890,0.864990,0.865090,0.865190,0.865290,0.865390,0.865490,0.865590,0.865690,0.865790,0.865890,0.865990,0.866090,0.866190,0.866290,0.866390,0.866490,0.866590,0.866690,0.866790,0.866890,0.866990,0.867090,0.867190,0.867290,0.867390,0.867490,0.867590,0.867690,0.867790,0.867890,0.867990,0.868090,0.868190,0.868290,0.868390,0.868490,0.868590],
spec_mag: [0.000000,0.000000,137104326326.492813,1508322890418.525391,12822233984625.095703,78999622233144.500000,347378097323061.437500,1087526010168383.500000,2431319617205984.500000,3939260950286492.500000,4792202019067795.000000,4695998659991166.000000,4119487402268296.000000,3577985775608389.500000,3206879365282112.500000,2941279224313426.000000,2720317423700993.000000,2521622564542661.500000,2339227287026844.000000,2170733213133084.750000,2014839978295570.750000,1870384019619580.750000,1736407366991831.500000,1612157762552355.250000,1496745143206323.750000,1389553973116944.250000,1289968429714919.000000,1197509906271217.500000,1111562054540283.000000,1031783308407931.500000,957625616921859.625000,888747023693085.375000,824736621926445.625000,765320911822047.750000,710088652063472.750000,658834841430459.125000,611216771591331.375000,567029216147464.000000,525998048643083.562500,487917703717777.750000,452582775139152.250000,419718726207388.625000,389257525702900.937500,360993380642757.437500,334720423135717.062500,310370403246939.937500,287806233006351.562500,266821781255040.031250,247417583779930.625000,229387431289415.375000,212662867196794.593750,197106433037835.437500,182718576379995.281250,169430710584666.156250,157036353432949.562500,145535774174313.812500,134929311021377.187500,125010297013966.015625,115847976190585.984375,107373584530184.359375,99518367551458.281250,92213511314659.546875,85459206974791.531250,79186607667966.578125,73395880654812.593750,68018139247482.914062,63053527502849.140625,58433118218645.718750,54087948188450.757812,50156295657106.148438,46500108847832.656250,43050381600428.640625,39876299446141.820312,36977953125192.953125,34217187642421.519531,31732320744229.589844,29385164886227.812500,27244914617640.144531,25242484821921.769531,23377923287584.582031,21651281261811.492188,20062601691612.132812],
}