{
name: "SPECTRUM",
index: "CNO",
valid_begin: [0,0],
valid_end:[0,0],
emin: 0.003639
emax: 1.722635
spec_e: [0.003639,0.021180,0.038721,0.056262,0.073802,0.091343,0.108884,0.126425,0.143966,0.161506,0.179047,0.196588,0.214129,0.231669,0.249210,0.266751,0.284292,0.301832,0.319373,0.336914,0.354455,0.371996,0.389536,0.407077,0.424618,0.442159,0.459699,0.477240,0.494781,0.512322,0.529862,0.547403,0.564944,0.582485,0.600026,0.617566,0.635107,0.652648,0.670189,0.687729,0.705270,0.722811,0.740352,0.757892,0.775433,0.792974,0.810515,0.828055,0.845596,0.863137,0.880678,0.898219,0.915759,0.933300,0.950841,0.968382,0.985922,1.003463,1.021004,1.038545,1.056085,1.073626,1.091167,1.108708,1.126249,1.143789,1.161330,1.178871,1.196412,1.213952,1.231493,1.249034,1.266575,1.284115,1.301656,1.319197,1.336738,1.354279,1.371819,1.389360,1.406901,1.424442,1.441982,1.459523,1.477064,1.494605,1.512145,1.529686,1.547227,1.564768,1.582308,1.599849,1.617390,1.634931,1.652472,1.670012,1.687553,1.705094,1.722635],
spec_mag: [821761740018791.125000,4100184780555036.500000,9899516730400282.000000,18060886656483488.000000,28428480348918060.000000,40850174274083512.000000,55176675684806008.000000,56199772306998800.000000,85426863929530304.000000,104345067008791600.000000,124631987008706752.000000,146155145148300992.000000,168784438274788800.000000,192387832063345568.000000,216842100543010656.000000,264240037361960960.000000,270160226379119168.000000,296514880636656320.000000,323250798817909952.000000,350248548469377280.000000,377411898426252224.000000,328303998797212928.000000,427098944994235264.000000,454230730462001344.000000,481324913790390912.000000,507791673530571200.000000,534028155486381568.000000,559802168811613824.000000,585004389962616960.000000,609577130289088512.000000,633439669365080832.000000,719975837871114496.000000,681257555519985920.000000,702523670255415680.000000,597823642032610816.000000,739701617362694144.000000,758131171699091456.000000,775412540085337984.000000,791496214103516288.000000,806320860769136896.000000,819857411441979008.000000,832046674050074752.000000,842860668529486592.000000,852269265850411648.000000,860199285087451264.000000,866652865581743232.000000,871575129299735552.000000,970958483583872256.000000,747892223730223232.000000,880632059911465984.000000,879082473635230208.000000,876216721438754048.000000,871691557365195264.000000,865439207130525440.000000,857439210037997824.000000,847654987704927616.000000,836075783221976320.000000,822612266550126592.000000,807218931782994048.000000,789815836329723008.000000,770286339791587712.000000,675555211398585472.000000,835616297962179968.000000,705082174054913792.000000,675172359296677760.000000,640945919624448384.000000,600303630941851136.000000,547004867994325376.000000,498984057529608384.000000,493193159927533376.000000,486781128005383616.000000,479755485157021824.000000,472115154886179840.000000,463863366681662144.000000,455340430762107776.000000,445535416563107776.000000,435470341549054976.000000,424811024488274496.000000,494562178563741056.000000,399281645406493248.000000,386732427725954816.000000,373595451136327104.000000,359873924993057024.000000,345563555391086336.000000,330658971929088832.000000,315151562636919040.000000,299030578658581248.000000,282275562538308288.000000,264854243548083744.000000,246727887955610624.000000,227835163660302912.000000,208083560436512768.000000,187342878609190944.000000,165411946256347232.000000,167280475464104832.000000,111052016775691536.000000,81592492127210304.000000,45678022306160032.000000,5286689348520812.000000],
}