{
name: "SPECTRUM",
index: "CNO",
valid_begin: [0,0],
valid_end:[0,0],
emin: 0.003639
emax: 1.722635
spec_e: [0.003639,0.021180,0.038721,0.056262,0.073802,0.091343,0.108884,0.126425,0.143966,0.161506,0.179047,0.196588,0.214129,0.231669,0.249210,0.266751,0.284292,0.301832,0.319373,0.336914,0.354455,0.371996,0.389536,0.407077,0.424618,0.442159,0.459699,0.477240,0.494781,0.512322,0.529862,0.547403,0.564944,0.582485,0.600026,0.617566,0.635107,0.652648,0.670189,0.687729,0.705270,0.722811,0.740352,0.757892,0.775433,0.792974,0.810515,0.828055,0.845596,0.863137,0.880678,0.898219,0.915759,0.933300,0.950841,0.968382,0.985922,1.003463,1.021004,1.038545,1.056085,1.073626,1.091167,1.108708,1.126249,1.143789,1.161330,1.178871,1.196412,1.213952,1.231493,1.249034,1.266575,1.284115,1.301656,1.319197,1.336738,1.354279,1.371819,1.389360,1.406901,1.424442,1.441982,1.459523,1.477064,1.494605,1.512145,1.529686,1.547227,1.564768,1.582308,1.599849,1.617390,1.634931,1.652472,1.670012,1.687553,1.705094,1.722635],
spec_mag: [836726.582200,4174851.944000,10079793.687000,18389787.730000,28946182.380000,41594083.830000,56181480.610000,57223208.520000,86982545.430000,106245261.900000,126901620.560000,148816730.100000,171858118.100000,195891345.800000,220790943.200000,269052028.800000,275080028.500000,301914619.000000,329137416.500000,356626813.600000,384284826.700000,334282638.700000,434876708.300000,462502582.100000,490090169.000000,517038906.500000,543753172.700000,569996548.400000,595657719.200000,620677945.900000,644975038.100000,733087089.300000,693663720.600000,715317105.800000,608710418.600000,753172088.700000,771937257.800000,789533331.700000,805909900.400000,821004514.000000,834787574.500000,847198811.900000,858209736.600000,867789670.900000,875864101.200000,882435205.800000,887447107.300000,988640300.300000,761511851.600000,896668970.800000,895091165.500000,892173226.000000,887565655.600000,881199445.800000,873053763.300000,863091363.600000,851301293.900000,837592597.400000,821918939.500000,804198921.800000,784313779.800000,687857532.900000,850833441.100000,717922201.700000,687467708.800000,652617982.300000,611235569.800000,556966200.000000,508070897.800000,502174544.000000,495645744.600000,488492160.000000,480712694.100000,472310635.200000,463632490.800000,453648920.600000,443400553.700000,432547123.200000,503568493.400000,406552836.700000,393775089.200000,380398879.300000,366427474.800000,351856503.600000,336680497.500000,320890687.700000,304476129.600000,287415993.200000,269677420.100000,251220971.200000,231984197.500000,211872904.100000,190754520.300000,168424210.700000,170326767.100000,113074349.800000,83078347.100000,46509850.270000,5382963.570000],
}