{
name: "SPECTRUM",
index: "CNO",
valid_begin: [0,0],
valid_end:[0,0],
emin: 0.003639
emax: 1.722635
spec_e: [0.003639,0.021180,0.038721,0.056262,0.073802,0.091343,0.108884,0.126425,0.143966,0.161506,0.179047,0.196588,0.214129,0.231669,0.249210,0.266751,0.284292,0.301832,0.319373,0.336914,0.354455,0.371996,0.389536,0.407077,0.424618,0.442159,0.459699,0.477240,0.494781,0.512322,0.529862,0.547403,0.564944,0.582485,0.600026,0.617566,0.635107,0.652648,0.670189,0.687729,0.705270,0.722811,0.740352,0.757892,0.775433,0.792974,0.810515,0.828055,0.845596,0.863137,0.880678,0.898219,0.915759,0.933300,0.950841,0.968382,0.985922,1.003463,1.021004,1.038545,1.056085,1.073626,1.091167,1.108708,1.126249,1.143789,1.161330,1.178871,1.196412,1.213952,1.231493,1.249034,1.266575,1.284115,1.301656,1.319197,1.336738,1.354279,1.371819,1.389360,1.406901,1.424442,1.441982,1.459523,1.477064,1.494605,1.512145,1.529686,1.547227,1.564768,1.582308,1.599849,1.617390,1.634931,1.652472,1.670012,1.687553,1.705094,1.722635,1.722635],
spec_mag: [8421631097633.697266,244541499032471.468750,1079392781134801.875000,2861353992776994.000000,5908050253226299.000000,10507271256264100.000000,16917619094650028.000000,20007201998557908.000000,34631605921131300.000000,47454895863836168.000000,62837133033437656.000000,80907796926146736.000000,101771625200767584.000000,125506390789348608.000000,152169961474917728.000000,198483377771853184.000000,216274425473444800.000000,252018268587923136.000000,290708480555402496.000000,332288248935233600.000000,376700322171708224.000000,343901034333581504.000000,468485354835156224.000000,520682205621750784.000000,575514353709657536.000000,632241851635438592.000000,691285822914768768.000000,752300111194759296.000000,815063871654479232.000000,879409151371481600.000000,945122235179220608.000000,1109800325217278720.000000,1083767944598523648.000000,1152298785014233344.000000,1010095390601601920.000000,1286351715655168512.000000,1355847587579055872.000000,1425053915866789120.000000,1493707130379694080.000000,1561510980130319616.000000,1628221172745182720.000000,1693526360207878656.000000,1757168569512529408.000000,1818879713301816576.000000,1878291745381000960.000000,1935190347161615360.000000,1989231489650471936.000000,2264017034809778176.000000,1780826700661587456.000000,2140394505663323648.000000,2180049002718196736.000000,2216221433167796736.000000,2247831639020263424.000000,2274455611517374208.000000,2295782633045458176.000000,2311453992498107392.000000,2321175439342898688.000000,2324428576247079936.000000,2320803353687872000.000000,2309780022894906368.000000,2290713906904399616.000000,2042365914263702016.000000,2567542943028308992.000000,2201285718999208448.000000,2141255465957011968.000000,2064367477840774400.000000,1963117219764002560.000000,1815837609108823808.000000,1681074182184428288.000000,1685925129972665600.000000,1688050057063257344.000000,1687383384887583488.000000,1683830349213852416.000000,1677311543394694144.000000,1668983718933527040.000000,1655051345908432896.000000,1639171463153028608.000000,1620031123507278080.000000,1910457560636499456.000000,1562117667319965696.000000,1532123105975092736.000000,1498531285867487488.000000,1461268144500473600.000000,1420229415858506240.000000,1375305508108445696.000000,1326372125643083520.000000,1273294172343214336.000000,1215892608932042752.000000,1153932885511949056.000000,1087145598717532416.000000,1015153002087643520.000000,937424772875767168.000000,853240656702247808.000000,761527931288530176.000000,778392853341794176.000000,522234692428225216.000000,387728063418455360.000000,219318453775992064.000000,25644637064933132.000000,0],
}
