{
name: "SPECTRUM",
index: "pp",
valid_begin: [0,0],
valid_End:[0,0],
emin: 0.005040
emax: 0.423410
spec_e: [0.005040,0.010080,0.015120,0.020160,0.025200,0.030240,0.035280,0.040320,0.045370,0.050410,0.055450,0.060490,0.065530,0.070570,0.075610,0.080650,0.085690,0.090730,0.095770,0.100810,0.105850,0.110890,0.115930,0.120970,0.126010,0.131060,0.136100,0.141140,0.146180,0.151220,0.156260,0.161300,0.166340,0.171380,0.176420,0.181460,0.186500,0.191540,0.196580,0.201620,0.206660,0.211710,0.216750,0.221790,0.226830,0.231870,0.236910,0.241950,0.246990,0.252030,0.257070,0.262110,0.267150,0.272190,0.277230,0.282270,0.287310,0.292350,0.297400,0.302440,0.307480,0.312520,0.317560,0.322600,0.327640,0.332680,0.337720,0.342760,0.347800,0.352840,0.357880,0.362920,0.367960,0.373000,0.378040,0.383090,0.388130,0.393170,0.398210,0.403250,0.408290,0.413330,0.418370,0.418370],
spec_mag: [5834608237127.262695,46010053527060.703125,153533548182691.687500,358745055037082.000000,691817833830804.125000,1179257676269664.500000,1846070046227065.750000,2717927219946368.000000,3816174800748604.000000,5158817053382727.000000,6769533093704515.000000,8661324109127619.000000,10850359638103298.000000,13353809768397844.000000,16178174266817830.000000,19339956739519696.000000,22847157942662624.000000,26705778195295916.000000,30919817379358992.000000,35501278117511104.000000,40448158649601952.000000,45763125563591160.000000,51447511822698440.000000,57497315560423712.000000,63914870289301768.000000,70702902795631136.000000,77837943996222208.000000,85328066752936832.000000,93156931516630224.000000,101325538505857344.000000,109814214109623600.000000,118616622948894192.000000,127720260968691968.000000,137105621922635120.000000,146762869666746496.000000,156681501244679136.000000,166825672183946688.000000,177194216224422016.000000,187760625589838688.000000,198503060852040096.000000,209398348958129952.000000,220432395227790112.000000,231565975812550432.000000,242775212809732448.000000,254031598005959936.000000,265312958897651392.000000,276596456168855584.000000,287826572728371872.000000,298993474086023808.000000,310054647976385664.000000,320974084546919040.000000,331714440320345664.000000,342237038194647488.000000,352501867443066432.000000,362467583714104512.000000,372091509031523776.000000,381329631794346304.000000,390117267233565312.000000,398439806667660800.000000,406192466287919552.000000,413358083614058048.000000,419854467406276800.000000,425627603216528384.000000,430611472651065856.000000,434716382830927808.000000,437882317996737216.000000,440014417473665600.000000,441014486525034688.000000,440780996352316224.000000,439185743016103168.000000,436107692133005568.000000,431385796608315200.000000,424840837387201664.000000,416262252587365888.000000,405406470468115264.000000,391942119680631552.000000,375454062556681856.000000,355412848751479232.000000,331071235622061568.000000,301289850199317568.000000,264244592184657632.000000,216444138513738528.000000,149215266974966208.000000,0],
}
