{
name: "SPECTRUM",
index: "pp",
valid_begin: [0,0],
valid_End:[0,0],
emin: 0.005040
emax: 0.423410
spec_e: [0.005040,0.010080,0.015120,0.020160,0.025200,0.030240,0.035280,0.040320,0.045370,0.050410,0.055450,0.060490,0.065530,0.070570,0.075610,0.080650,0.085690,0.090730,0.095770,0.100810,0.105850,0.110890,0.115930,0.120970,0.126010,0.131060,0.136100,0.141140,0.146180,0.151220,0.156260,0.161300,0.166340,0.171380,0.176420,0.181460,0.186500,0.191540,0.196580,0.201620,0.206660,0.211710,0.216750,0.221790,0.226830,0.231870,0.236910,0.241950,0.246990,0.252030,0.257070,0.262110,0.267150,0.272190,0.277230,0.282270,0.287310,0.292350,0.297400,0.302440,0.307480,0.312520,0.317560,0.322600,0.327640,0.332680,0.337720,0.342760,0.347800,0.352840,0.357880,0.362920,0.367960,0.373000,0.378040,0.383090,0.388130,0.393170,0.398210,0.403250,0.408290,0.413330,0.418370],
spec_mag: [411113345374323.625000,1620961190333047.250000,3606051343711924.000000,6319399423182460.000000,9749259333162532.000000,13848646691323644.000000,18582323210919428.000000,23938542796367756.000000,29870321065340144.000000,36342419731090208.000000,43354838793617952.000000,50848847775012768.000000,58800954484110408.000000,67199412825328728.000000,75985492320757120.000000,85159192970395600.000000,94685276487497792.000000,104528504585317312.000000,114653638977107792.000000,125060679662869232.000000,135702642260273152.000000,146556034578155296.000000,157597364425351424.000000,168791393515115136.000000,180126375751864352.000000,191578818944434784.000000,203101738710497984.000000,214695135050053920.000000,226312023580774080.000000,237952404302658464.000000,249569292833378656.000000,261150943077352480.000000,272673862843415648.000000,284102813844821856.000000,295426049985988928.000000,306631825171334784.000000,317661408922948800.000000,328526547336413056.000000,339192002124981248.000000,349634281097489024.000000,359829892062772288.000000,369755342829666624.000000,379398887302590080.000000,388725287194796160.000000,397711050315120640.000000,406344430567981440.000000,414613681857796416.000000,422460073706654912.000000,429895352210139136.000000,436884279081502656.000000,443403362129581184.000000,449429109163210560.000000,454938027991226496.000000,459906626422464768.000000,464311412265761088.000000,468128893329951232.000000,471335577423870912.000000,473884480165191744.000000,475775601553913728.000000,476950211112126016.000000,477408308839828800.000000,477091164259111488.000000,475975285178809728.000000,474025433312177152.000000,471182878181303360.000000,467424127595023808.000000,462690451075428032.000000,456923118144605376.000000,450063398324645248.000000,442029068946472768.000000,432749653436595136.000000,422119436934773376.000000,410020958485186112.000000,396313264940847936.000000,380831910963609152.000000,363330228546245056.000000,343526311394784832.000000,321020792259436096.000000,295249858552257088.000000,265332553104588480.000000,229835852255411136.000000,185964185256179744.000000,126658148662038048.000000],
}