{
name: "SPECTRUM",
index: "7Be_1",
valid_begin: [0,0],
valid_end:[0,0],
emin: 0.382630
emax: 0.391730
spec_e: [0.382630,0.382730,0.382830,0.382930,0.383030,0.383130,0.383230,0.383330,0.383430,0.383530,0.383630,0.383730,0.383830,0.383930,0.384030,0.384130,0.384230,0.384330,0.384430,0.384530,0.384630,0.384730,0.384830,0.384930,0.385030,0.385130,0.385230,0.385330,0.385430,0.385530,0.385630,0.385730,0.385830,0.385930,0.386030,0.386130,0.386230,0.386330,0.386430,0.386530,0.386630,0.386730,0.386830,0.386930,0.387030,0.387130,0.387230,0.387330,0.387430,0.387530,0.387630,0.387730,0.387830,0.387930,0.388030,0.388130,0.388230,0.388330,0.388430,0.388530,0.388630,0.388730,0.388830,0.388930,0.389030,0.389130,0.389230,0.389330,0.389430,0.389530,0.389630,0.389730,0.389830,0.389930,0.390030,0.390130,0.390230,0.390330,0.390430,0.390530,0.390630,0.390730,0.390830,0.390930,0.391030,0.391130,0.391230,0.391330,0.391430,0.391530,0.391630],
spec_mag: [0.000000,0.000000,4999.999850,19999.999500,60000.000000,159999.995000,410000.010000,985000.050000,2210000.050000,4639999.950000,9125000.000000,16795000.000000,28935000.500000,46689998.500000,70575000.000000,100070000.000000,133330000.000000,167240000.000000,198145000.000000,222585000.000000,238310000.000000,244665000.000000,242575000.000000,234035000.000000,221425000.000000,206875000.000000,191950000.000000,177595000.000000,164230000.000000,151980000.000000,140765000.000000,130480000.000000,121020000.000000,112280000.000000,104190000.000000,96695000.000000,89730000.000000,83275000.000000,77275000.000000,71710000.000000,66540000.000000,61735000.000000,57275000.000000,53135000.000000,49290001.500000,45724999.000000,42410001.000000,39335001.500000,36474999.000000,33824999.000000,31369999.000000,29084999.000000,26969999.000000,25004999.500000,23180000.500000,21490000.000000,19920001.000000,18464999.500000,17115000.500000,15865000.000000,14705000.500000,13630000.000000,12630000.000000,11705000.000000,10845000.000000,10049999.500000,9315000.000000,8630000.000000,8000000.500000,7410000.000000,6865000.000000,6360000.000000,5895000.000000,5460000.000000,5060000.000000,4685000.050000,4340000.000000,4025000.150000,3724999.950000,3449999.950000,3199999.900000,2959999.950000,2744999.950000,2540000.000000,2355000.000000,2180000.050000,2020000.000000,1870000.050000,1735000.050000,1605000.000000,1485000.000000],
}