{
name: "be1"
valid_begin: [0,0],
valid_end:[0,0],
emin: 0.38263
emax: 0.39173
spec_e: [0.38263,0.38273,0.38283,0.38293,0.38303,0.38313,0.38323,0.38333,0.38343,0.38353,0.38363,0.38373,0.38383,0.38393,0.38403,0.38413,0.38423,0.38433,0.38443,0.38453,0.38463,0.38473,0.38483,0.38493,0.38503,0.38513,0.38523,0.38533,0.38543,0.38553,0.38563,0.38573,0.38583,0.38593,0.38603,0.38613,0.38623,0.38633,0.38643,0.38653,0.38663,0.38673,0.38683,0.38693,0.38703,0.38713,0.38723,0.38733,0.38743,0.38753,0.38763,0.38773,0.38783,0.38793,0.38803,0.38813,0.38823,0.38833,0.38843,0.38853,0.38863,0.38873,0.38883,0.38893,0.38903,0.38913,0.38923,0.38933,0.38943,0.38953,0.38963,0.38973,0.38983,0.38993,0.39003,0.39013,0.39023,0.39033,0.39043,0.39053,0.39063,0.39073,0.39083,0.39093,0.39103,0.39113,0.39123,0.39133,0.39143,0.39153,0.39163],
spec_flux: [0,0,5000,20000,60000,1.6e+05,4.1e+05,9.85e+05,2.21e+06,4.64e+06,9.125e+06,1.6795e+07,2.8935e+07,4.669e+07,7.0575e+07,1.0007e+08,1.3333e+08,1.6724e+08,1.9814e+08,2.2258e+08,2.3831e+08,2.4466e+08,2.4258e+08,2.3404e+08,2.2142e+08,2.0688e+08,1.9195e+08,1.776e+08,1.6423e+08,1.5198e+08,1.4076e+08,1.3048e+08,1.2102e+08,1.1228e+08,1.0419e+08,9.6695e+07,8.973e+07,8.3275e+07,7.7275e+07,7.171e+07,6.654e+07,6.1735e+07,5.7275e+07,5.3135e+07,4.929e+07,4.5725e+07,4.241e+07,3.9335e+07,3.6475e+07,3.3825e+07,3.137e+07,2.9085e+07,2.697e+07,2.5005e+07,2.318e+07,2.149e+07,1.992e+07,1.8465e+07,1.7115e+07,1.5865e+07,1.4705e+07,1.363e+07,1.263e+07,1.1705e+07,1.0845e+07,1.005e+07,9.315e+06,8.63e+06,8e+06,7.41e+06,6.865e+06,6.36e+06,5.895e+06,5.46e+06,5.06e+06,4.685e+06,4.34e+06,4.025e+06,3.725e+06,3.45e+06,3.2e+06,2.96e+06,2.745e+06,2.54e+06,2.355e+06,2.18e+06,2.02e+06,1.87e+06,1.735e+06,1.605e+06,1.485e+06],
}