{
name: "SPECTRUM",
index: "7Be_2",
valid_begin: [0,0],
valid_end:[0,0],
emin: 0.860490
emax: 0.868690
spec_e: [0.860490,0.860590,0.860690,0.860790,0.860890,0.860990,0.861090,0.861190,0.861290,0.861390,0.861490,0.861590,0.861690,0.861790,0.861890,0.861990,0.862090,0.862190,0.862290,0.862390,0.862490,0.862590,0.862690,0.862790,0.862890,0.862990,0.863090,0.863190,0.863290,0.863390,0.863490,0.863590,0.863690,0.863790,0.863890,0.863990,0.864090,0.864190,0.864290,0.864390,0.864490,0.864590,0.864690,0.864790,0.864890,0.864990,0.865090,0.865190,0.865290,0.865390,0.865490,0.865590,0.865690,0.865790,0.865890,0.865990,0.866090,0.866190,0.866290,0.866390,0.866490,0.866590,0.866690,0.866790,0.866890,0.866990,0.867090,0.867190,0.867290,0.867390,0.867490,0.867590,0.867690,0.867790,0.867890,0.867990,0.868090,0.868190,0.868290,0.868390,0.868490,0.868590],
spec_mag: [0.000000,0.000000,28799.998560,316800.000000,2692800.000000,16588800.000000,72936001.440000,228312000.000000,510364800.000000,826804800.000000,1005710400.000000,985406400.000000,864331200.000000,750628800.000000,672696000.000000,616910400.000000,570499200.000000,528768000.000000,490464000.000000,455083200.000000,422352000.000000,392025600.000000,363902400.000000,337824000.000000,313603200.000000,291110400.000000,270216000.000000,250819200.000000,232790400.000000,216057600.000000,200505600.000000,186062400.000000,172641600.000000,160185600.000000,148608000.000000,137865597.120000,127886395.680000,118627195.680000,110030404.320000,102052795.680000,94651197.120000,87768000.000000,81388800.000000,75470398.560000,69969601.440000,64871998.560000,60148800.000000,55756801.440000,51696000.000000,47923200.000000,44424001.440000,41169598.560000,38160000.000000,35380798.560000,32788801.440000,30384000.000000,28166400.000000,26092800.000000,24177601.440000,22406400.000000,20764800.000000,19238400.000000,17827200.000000,16516800.000000,15307200.000000,14184000.000000,13147200.144000,12182400.288000,11275199.424000,10454399.856000,9691200.000000,8971199.856000,8308800.288000,7704000.288000,7128000.000000,6609600.000000,6120000.288000,5673600.288000,5256000.144000,4867199.856000,4507200.144000,4176000.000000],
}