{
name: "be2"
valid_begin: [0,0],
valid_end:[0,0],
emin: 0.86049
emax: 0.86869
spec_e: [0.86049,0.86059,0.86069,0.86079,0.86089,0.86099,0.86109,0.86119,0.86129,0.86139,0.86149,0.86159,0.86169,0.86179,0.86189,0.86199,0.86209,0.86219,0.86229,0.86239,0.86249,0.86259,0.86269,0.86279,0.86289,0.86299,0.86309,0.86319,0.86329,0.86339,0.86349,0.86359,0.86369,0.86379,0.86389,0.86399,0.86409,0.86419,0.86429,0.86439,0.86449,0.86459,0.86469,0.86479,0.86489,0.86499,0.86509,0.86519,0.86529,0.86539,0.86549,0.86559,0.86569,0.86579,0.86589,0.86599,0.86609,0.86619,0.86629,0.86639,0.86649,0.86659,0.86669,0.86679,0.86689,0.86699,0.86709,0.86719,0.86729,0.86739,0.86749,0.86759,0.86769,0.86779,0.86789,0.86799,0.86809,0.86819,0.86829,0.86839,0.86849,0.86859],
spec_flux: [0,0,28800,3.168e+05,2.6928e+06,1.6589e+07,7.2936e+07,2.2831e+08,5.1036e+08,8.268e+08,1.0057e+09,9.8541e+08,8.6433e+08,7.5063e+08,6.727e+08,6.1691e+08,5.705e+08,5.2877e+08,4.9046e+08,4.5508e+08,4.2235e+08,3.9203e+08,3.639e+08,3.3782e+08,3.136e+08,2.9111e+08,2.7022e+08,2.5082e+08,2.3279e+08,2.1606e+08,2.0051e+08,1.8606e+08,1.7264e+08,1.6019e+08,1.4861e+08,1.3787e+08,1.2789e+08,1.1863e+08,1.1003e+08,1.0205e+08,9.4651e+07,8.7768e+07,8.1389e+07,7.547e+07,6.997e+07,6.4872e+07,6.0149e+07,5.5757e+07,5.1696e+07,4.7923e+07,4.4424e+07,4.117e+07,3.816e+07,3.5381e+07,3.2789e+07,3.0384e+07,2.8166e+07,2.6093e+07,2.4178e+07,2.2406e+07,2.0765e+07,1.9238e+07,1.7827e+07,1.6517e+07,1.5307e+07,1.4184e+07,1.3147e+07,1.2182e+07,1.1275e+07,1.0454e+07,9.6912e+06,8.9712e+06,8.3088e+06,7.704e+06,7.128e+06,6.6096e+06,6.12e+06,5.6736e+06,5.256e+06,4.8672e+06,4.5072e+06,4.176e+06],
}