{
name: "SPECTRUM",
index: "CNO",
valid_begin: [0,0],
valid_end:[0,0],
emin: 0.003639
emax: 1.722635
spec_e: [0.003639,0.021180,0.038721,0.056262,0.073802,0.091343,0.108884,0.126425,0.143966,0.161506,0.179047,0.196588,0.214129,0.231669,0.249210,0.266751,0.284292,0.301832,0.319373,0.336914,0.354455,0.371996,0.389536,0.407077,0.424618,0.442159,0.459699,0.477240,0.494781,0.512322,0.529862,0.547403,0.564944,0.582485,0.600026,0.617566,0.635107,0.652648,0.670189,0.687729,0.705270,0.722811,0.740352,0.757892,0.775433,0.792974,0.810515,0.828055,0.845596,0.863137,0.880678,0.898219,0.915759,0.933300,0.950841,0.968382,0.985922,1.003463,1.021004,1.038545,1.056085,1.073626,1.091167,1.108708,1.126249,1.143789,1.161330,1.178871,1.196412,1.213952,1.231493,1.249034,1.266575,1.284115,1.301656,1.319197,1.336738,1.354279,1.371819,1.389360,1.406901,1.424442,1.441982,1.459523,1.477064,1.494605,1.512145,1.529686,1.547227,1.564768,1.582308,1.599849,1.617390,1.634931,1.652472,1.670012,1.687553,1.705094,1.722635],
spec_mag: [418363291.100000,2087425972.000000,5039896843.500000,9194893865.000000,14473091190.000000,20797041915.000000,28090740305.000000,28611604260.000000,43491272715.000000,53122630950.000000,63450810280.000000,74408365050.000000,85929059050.000000,97945672900.000000,110395471600.000000,134526014400.000000,137540014250.000000,150957309500.000000,164568708250.000000,178313406800.000000,192142413350.000000,167141319350.000000,217438354150.000000,231251291050.000000,245045084500.000000,258519453250.000000,271876586350.000000,284998274200.000000,297828859600.000000,310338972950.000000,322487519050.000000,366543544650.000000,346831860300.000000,357658552900.000000,304355209300.000000,376586044350.000000,385968628900.000000,394766665850.000000,402954950200.000000,410502257000.000000,417393787250.000000,423599405950.000000,429104868300.000000,433894835450.000000,437932050600.000000,441217602900.000000,443723553650.000000,494320150150.000000,380755925800.000000,448334485400.000000,447545582750.000000,446086613000.000000,443782827800.000000,440599722900.000000,436526881650.000000,431545681800.000000,425650646950.000000,418796298700.000000,410959469750.000000,402099460900.000000,392156889900.000000,343928766450.000000,425416720550.000000,358961100850.000000,343733854400.000000,326308991150.000000,305617784900.000000,278483100000.000000,254035448900.000000,251087272000.000000,247822872300.000000,244246080000.000000,240356347050.000000,236155317600.000000,231816245400.000000,226824460300.000000,221700276850.000000,216273561600.000000,251784246700.000000,203276418350.000000,196887544600.000000,190199439650.000000,183213737400.000000,175928251800.000000,168340248750.000000,160445343850.000000,152238064800.000000,143707996600.000000,134838710050.000000,125610485600.000000,115992098750.000000,105936452050.000000,95377260150.000000,84212105350.000000,85163383550.000000,56537174900.000000,41539173550.000000,23254925135.000000,2691481785.000000],
}