{
name: "CNO"
valid_begin: [0,0],
valid_end:[0,0],
emin: 0.0036394
emax: 1.7226
spec_e: [0.0036394,0.02118,0.038721,0.056262,0.073802,0.091343,0.10888,0.12642,0.14397,0.16151,0.17905,0.19659,0.21413,0.23167,0.24921,0.26675,0.28429,0.30183,0.31937,0.33691,0.35445,0.372,0.38954,0.40708,0.42462,0.44216,0.4597,0.47724,0.49478,0.51232,0.52986,0.5474,0.56494,0.58248,0.60003,0.61757,0.63511,0.65265,0.67019,0.68773,0.70527,0.72281,0.74035,0.75789,0.77543,0.79297,0.81051,0.82806,0.8456,0.86314,0.88068,0.89822,0.91576,0.9333,0.95084,0.96838,0.98592,1.0035,1.021,1.0385,1.0561,1.0736,1.0912,1.1087,1.1262,1.1438,1.1613,1.1789,1.1964,1.214,1.2315,1.249,1.2666,1.2841,1.3017,1.3192,1.3367,1.3543,1.3718,1.3894,1.4069,1.4244,1.442,1.4595,1.4771,1.4946,1.5121,1.5297,1.5472,1.5648,1.5823,1.5998,1.6174,1.6349,1.6525,1.67,1.6876,1.7051,1.7226],
spec_flux: [4.1836e+08,2.0874e+09,5.0399e+09,9.1949e+09,1.4473e+10,2.0797e+10,2.8091e+10,2.8612e+10,4.3491e+10,5.3123e+10,6.3451e+10,7.4408e+10,8.5929e+10,9.7946e+10,1.104e+11,1.3453e+11,1.3754e+11,1.5096e+11,1.6457e+11,1.7831e+11,1.9214e+11,1.6714e+11,2.1744e+11,2.3125e+11,2.4505e+11,2.5852e+11,2.7188e+11,2.85e+11,2.9783e+11,3.1034e+11,3.2249e+11,3.6654e+11,3.4683e+11,3.5766e+11,3.0436e+11,3.7659e+11,3.8597e+11,3.9477e+11,4.0295e+11,4.105e+11,4.1739e+11,4.236e+11,4.291e+11,4.3389e+11,4.3793e+11,4.4122e+11,4.4372e+11,4.9432e+11,3.8076e+11,4.4833e+11,4.4755e+11,4.4609e+11,4.4378e+11,4.406e+11,4.3653e+11,4.3155e+11,4.2565e+11,4.188e+11,4.1096e+11,4.021e+11,3.9216e+11,3.4393e+11,4.2542e+11,3.5896e+11,3.4373e+11,3.2631e+11,3.0562e+11,2.7848e+11,2.5404e+11,2.5109e+11,2.4782e+11,2.4425e+11,2.4036e+11,2.3616e+11,2.3182e+11,2.2682e+11,2.217e+11,2.1627e+11,2.5178e+11,2.0328e+11,1.9689e+11,1.902e+11,1.8321e+11,1.7593e+11,1.6834e+11,1.6045e+11,1.5224e+11,1.4371e+11,1.3484e+11,1.2561e+11,1.1599e+11,1.0594e+11,9.5377e+10,8.4212e+10,8.5163e+10,5.6537e+10,4.1539e+10,2.3255e+10,2.6915e+09],
}