{
name: "pp"
valid_begin: [0,0],
valid_Eppd:[0,0],
emin: 0.00504
emax: 0.42341
spec_e: [0.00504,0.01008,0.01512,0.02016,0.0252,0.03024,0.03528,0.04032,0.04537,0.05041,0.05545,0.06049,0.06553,0.07057,0.07561,0.08065,0.08569,0.09073,0.09577,0.10081,0.10585,0.11089,0.11593,0.12097,0.12601,0.13106,0.1361,0.14114,0.14618,0.15122,0.15626,0.1613,0.16634,0.17138,0.17642,0.18146,0.1865,0.19154,0.19658,0.20162,0.20666,0.21171,0.21675,0.22179,0.22683,0.23187,0.23691,0.24195,0.24699,0.25203,0.25707,0.26211,0.26715,0.27219,0.27723,0.28227,0.28731,0.29235,0.2974,0.30244,0.30748,0.31252,0.31756,0.3226,0.32764,0.33268,0.33772,0.34276,0.3478,0.35284,0.35788,0.36292,0.36796,0.373,0.37804,0.38309,0.38813,0.39317,0.39821,0.40325,0.40829,0.41333,0.41837,0.41838],
spec_flux: [2.093e+08,8.2524e+08,1.8359e+09,3.2172e+09,4.9634e+09,7.0504e+09,9.4604e+09,1.2187e+10,1.5207e+10,1.8502e+10,2.2072e+10,2.5887e+10,2.9936e+10,3.4212e+10,3.8685e+10,4.3355e+10,4.8205e+10,5.3216e+10,5.8371e+10,6.3669e+10,6.9087e+10,7.4612e+10,8.0234e+10,8.5933e+10,9.1703e+10,9.7534e+10,1.034e+11,1.093e+11,1.1522e+11,1.2114e+11,1.2706e+11,1.3295e+11,1.3882e+11,1.4464e+11,1.504e+11,1.5611e+11,1.6172e+11,1.6725e+11,1.7268e+11,1.78e+11,1.8319e+11,1.8824e+11,1.9315e+11,1.979e+11,2.0248e+11,2.0687e+11,2.1108e+11,2.1508e+11,2.1886e+11,2.2242e+11,2.2574e+11,2.2881e+11,2.3161e+11,2.3414e+11,2.3638e+11,2.3833e+11,2.3996e+11,2.4126e+11,2.4222e+11,2.4282e+11,2.4305e+11,2.4289e+11,2.4232e+11,2.4133e+11,2.3988e+11,2.3797e+11,2.3556e+11,2.3262e+11,2.2913e+11,2.2504e+11,2.2032e+11,2.149e+11,2.0874e+11,2.0177e+11,1.9388e+11,1.8497e+11,1.7489e+11,1.6343e+11,1.5031e+11,1.3508e+11,1.1701e+11,9.4675e+10,6.4482e+10,0],
}
