{
name: "SPECTRUM",
index: "pp",
valid_begin: [0,0],
valid_Eppd:[0,0],
emin: 0.005040
emax: 0.423410
spec_e: [0.005040,0.010080,0.015120,0.020160,0.025200,0.030240,0.035280,0.040320,0.045370,0.050410,0.055450,0.060490,0.065530,0.070570,0.075610,0.080650,0.085690,0.090730,0.095770,0.100810,0.105850,0.110890,0.115930,0.120970,0.126010,0.131060,0.136100,0.141140,0.146180,0.151220,0.156260,0.161300,0.166340,0.171380,0.176420,0.181460,0.186500,0.191540,0.196580,0.201620,0.206660,0.211710,0.216750,0.221790,0.226830,0.231870,0.236910,0.241950,0.246990,0.252030,0.257070,0.262110,0.267150,0.272190,0.277230,0.282270,0.287310,0.292350,0.297400,0.302440,0.307480,0.312520,0.317560,0.322600,0.327640,0.332680,0.337720,0.342760,0.347800,0.352840,0.357880,0.362920,0.367960,0.373000,0.378040,0.383090,0.388130,0.393170,0.398210,0.403250,0.408290,0.413330,0.418370],
spec_mag: [209300000.000000,825240000.000000,1835860000.000000,3217240000.000000,4963400000.000000,7050420000.000000,9460360000.000000,12187240000.000000,15207140000.000002,18502120000.000000,22072180000.000000,25887420000.000000,29935880000.000004,34211580000.000004,38684620000.000000,43355000000.000000,48204780000.000000,53216020000.000000,58370780000.000000,63669060000.000000,69086940000.000000,74612460000.000000,80233660000.000000,85932600000.000000,91703300000.000000,97533800000.000000,103400180000.000000,109302440000.000000,115216660000.000000,121142839999.999985,127057059999.999985,132953340000.000000,138819720000.000000,144638260000.000000,150402980000.000000,156107900000.000000,161723120000.000000,167254620000.000000,172684460000.000000,178000680000.000000,183191320000.000000,188244420000.000000,193154000000.000000,197902120000.000000,202476820000.000000,206872120000.000000,211082040000.000000,215076680000.000000,218862020000.000000,222420120000.000000,225739020000.000000,228806760000.000000,231611380000.000000,234140920000.000000,236383420000.000000,238326920000.000000,239959459999.999969,241257120000.000000,242219900000.000031,242817900000.000000,243051120000.000000,242889660000.000000,242321560000.000000,241328879999.999969,239881720000.000000,237968120000.000000,235558180000.000000,232622000000.000000,229129680000.000000,225039360000.000000,220315160000.000000,214903260000.000000,208743860000.000000,201765200000.000000,193883560000.000000,184973360000.000000,174891080000.000000,163433400000.000000,150313280000.000000,135082220000.000015,117010660000.000000,94675360000.000000,64482340000.000000],
}